Scale	N	Estimated Area	Relative Error
1.000000	100	0.450000	95.000000
1.000000	600	0.795000	91.166667
1.000000	1100	0.687273	92.363636
1.000000	1600	0.607500	93.250000
1.000000	2100	0.702857	92.190476
1.000000	2600	0.709615	92.115385
1.000000	3100	0.670645	92.548387
1.000000	3600	0.702500	92.194444
1.000000	4100	0.794634	91.170732
1.000000	4600	0.655435	92.717391
1.000000	5100	0.765882	91.490196
1.000000	5600	0.694286	92.285714
1.000000	6100	0.706721	92.147541
1.000000	6600	0.718636	92.015152
1.000000	7100	0.681972	92.422535
1.000000	7600	0.692763	92.302632
1.000000	8100	0.704444	92.172840
1.000000	8600	0.774419	91.395349
1.000000	9100	0.731868	91.868132
1.000000	9600	0.723750	91.958333
1.000000	10100	0.711089	92.099010
1.000000	10600	0.698774	92.235849
1.000000	11100	0.737027	91.810811
1.000000	11600	0.712241	92.086207
1.000000	12100	0.712562	92.082645
1.000000	12600	0.680714	92.436508
1.000000	13100	0.720687	91.992366
1.000000	13600	0.731250	91.875000
1.000000	14100	0.728298	91.907801
1.000000	14600	0.695959	92.267123
1.000000	15100	0.694967	92.278146
1.000000	15600	0.683654	92.403846
1.000000	16100	0.708261	92.130435
1.000000	16600	0.717289	92.030120
1.000000	17100	0.713684	92.070175
1.000000	17600	0.720511	91.994318
1.000000	18100	0.730442	91.883978
1.000000	18600	0.697258	92.252688
1.000000	19100	0.694555	92.282723
1.000000	19600	0.725510	91.938776
1.000000	20100	0.697612	92.248756
1.000000	20600	0.727864	91.912621
1.000000	21100	0.752844	91.635071
1.000000	21600	0.692917	92.300926
1.000000	22100	0.708597	92.126697
1.000000	22600	0.703673	92.181416
1.000000	23100	0.712597	92.082251
1.000000	23600	0.693305	92.296610
1.000000	24100	0.686390	92.373444
1.000000	24600	0.735366	91.829268
1.000000	25100	0.718207	92.019920
1.000000	25600	0.723867	91.957031
1.000000	26100	0.709655	92.114943
1.000000	26600	0.736241	91.819549
1.000000	27100	0.698081	92.243542
1.000000	27600	0.708261	92.130435
1.000000	28100	0.721281	91.985765
1.000000	28600	0.729126	91.898601
1.000000	29100	0.720309	91.996564
1.000000	29600	0.732162	91.864865
1.000000	30100	0.708339	92.129568
1.000000	30600	0.726765	91.924837
1.000000	31100	0.731576	91.871383
1.000000	31600	0.712595	92.082278
1.000000	32100	0.710467	92.105919
1.000000	32600	0.707853	92.134969
1.000000	33100	0.721360	91.984894
1.000000	33600	0.718661	92.014881
1.000000	34100	0.715513	92.049853
1.000000	34600	0.718179	92.020231
1.000000	35100	0.728718	91.903134
1.000000	35600	0.730112	91.887640
1.000000	36100	0.710277	92.108033
1.000000	36600	0.720492	91.994536
1.000000	37100	0.726792	91.924528
1.000000	37600	0.728617	91.904255
1.000000	38100	0.730866	91.879265
1.000000	38600	0.696451	92.261658
1.000000	39100	0.690767	92.324808
1.000000	39600	0.719773	92.002525
1.000000	40100	0.728978	91.900249
1.000000	40600	0.719778	92.002463
1.000000	41100	0.712555	92.082725
1.000000	41600	0.734928	91.834135
1.000000	42100	0.708242	92.130641
1.000000	42600	0.699296	92.230047
1.000000	43100	0.689930	92.334107
1.000000	43600	0.694404	92.284404
1.000000	44100	0.703878	92.179138
1.000000	44600	0.728677	91.903587
1.000000	45100	0.714412	92.062084
1.000000	45600	0.703816	92.179825
1.000000	46100	0.718438	92.017354
1.000000	46600	0.725408	91.939914
1.000000	47100	0.701274	92.208068
1.000000	47600	0.710168	92.109244
1.000000	48100	0.705593	92.160083
1.000000	48600	0.709259	92.119342
1.000000	49100	0.718350	92.018330
1.000000	49600	0.724718	91.947581
1.000000	50100	0.714970	92.055888
1.000000	50600	0.703814	92.179842
1.000000	51100	0.720352	91.996086
1.000000	51600	0.689128	92.343023
1.000000	52100	0.703417	92.184261
1.000000	52600	0.712643	92.081749
1.000000	53100	0.709153	92.120527
1.000000	53600	0.713116	92.076493
1.000000	54100	0.718503	92.016636
1.000000	54600	0.694615	92.282051
1.000000	55100	0.729474	91.894737
1.000000	55600	0.714820	92.057554
1.000000	56100	0.708128	92.131907
1.000000	56600	0.703463	92.183746
1.000000	57100	0.709440	92.117338
1.000000	57600	0.701719	92.203125
1.000000	58100	0.696609	92.259897
1.000000	58600	0.700956	92.211604
1.000000	59100	0.724569	91.949239
1.000000	59600	0.709279	92.119128
1.000000	60100	0.726439	91.928453
1.000000	60600	0.702475	92.194719
1.000000	61100	0.718674	92.014730
1.000000	61600	0.694432	92.284091
1.000000	62100	0.704638	92.170692
1.000000	62600	0.719281	92.007987
1.000000	63100	0.728558	91.904913
1.000000	63600	0.710802	92.102201
1.000000	64100	0.725055	91.943838
1.000000	64600	0.731006	91.877709
1.000000	65100	0.722350	91.973886
1.000000	65600	0.726037	91.932927
1.000000	66100	0.711150	92.098336
1.000000	66600	0.720135	91.998498
1.000000	67100	0.728048	91.910581
1.000000	67600	0.716805	92.035503
1.000000	68100	0.682070	92.421439
1.000000	68600	0.713309	92.074344
1.000000	69100	0.712315	92.085384
1.000000	69600	0.702802	92.191092
1.000000	70100	0.712553	92.082739
1.000000	70600	0.729178	91.898017
1.000000	71100	0.722658	91.970464
1.000000	71600	0.707304	92.141061
1.000000	72100	0.719251	92.008322
1.000000	72600	0.704132	92.176309
1.000000	73100	0.719138	92.009576
1.000000	73600	0.703736	92.180707
1.000000	74100	0.712227	92.086370
1.000000	74600	0.715657	92.048257
1.000000	75100	0.721798	91.980027
1.000000	75600	0.712500	92.083333
1.000000	76100	0.707700	92.136662
1.000000	76600	0.730457	91.883812
1.000000	77100	0.711012	92.099870
1.000000	77600	0.715709	92.047680
1.000000	78100	0.717810	92.024328
1.000000	78600	0.715305	92.052163
1.000000	79100	0.724324	91.951960
1.000000	79600	0.702023	92.199749
1.000000	80100	0.712022	92.088639
1.000000	80600	0.705037	92.166253
1.000000	81100	0.692035	92.310727
1.000000	81600	0.715699	92.047794
1.000000	82100	0.724933	91.945189
1.000000	82600	0.716949	92.033898
1.000000	83100	0.709386	92.117930
1.000000	83600	0.704928	92.167464
1.000000	84100	0.709834	92.112961
1.000000	84600	0.701809	92.202128
1.000000	85100	0.698214	92.242068
1.000000	85600	0.717056	92.032710
1.000000	86100	0.702753	92.191638
1.000000	86600	0.723533	91.960739
1.000000	87100	0.719793	92.002296
1.000000	87600	0.707979	92.133562
1.000000	88100	0.706107	92.154370
1.000000	88600	0.715429	92.050790
1.000000	89100	0.702828	92.190797
1.000000	89600	0.715982	92.044643
1.000000	90100	0.709711	92.114317
1.000000	90600	0.697748	92.247241
1.000000	91100	0.716048	92.043908
1.000000	91600	0.707031	92.144105
1.000000	92100	0.721173	91.986971
1.000000	92600	0.715140	92.053996
1.000000	93100	0.711880	92.090226
1.000000	93600	0.687500	92.361111
1.000000	94100	0.708427	92.128587
1.000000	94600	0.706776	92.146934
1.000000	95100	0.721136	91.987382
1.000000	95600	0.703525	92.183054
1.000000	96100	0.716629	92.037461
1.000000	96600	0.708447	92.128364
1.000000	97100	0.694789	92.280124
1.000000	97600	0.698422	92.239754
1.000000	98100	0.710642	92.103976
1.000000	98600	0.735700	91.825558
1.000000	99100	0.714823	92.057518
1.000000	99600	0.699759	92.224900
1.500000	100	3.037500	85.000000
1.500000	600	1.586250	92.166667
1.500000	1100	1.362273	93.272727
1.500000	1600	1.721250	91.500000
1.500000	2100	1.629643	91.952381
1.500000	2600	1.440865	92.884615
1.500000	3100	1.646129	91.870968
1.500000	3600	1.625625	91.972222
1.500000	4100	1.471829	92.731707
1.500000	4600	1.514348	92.521739
1.500000	5100	1.743088	91.392157
1.500000	5600	1.750179	91.357143
1.500000	6100	1.656516	91.819672
1.500000	6600	1.626136	91.969697
1.500000	7100	1.659930	91.802817
1.500000	7600	1.510757	92.539474
1.500000	8100	1.630000	91.950617
1.500000	8600	1.488140	92.651163
1.500000	9100	1.591071	92.142857
1.500000	9600	1.643203	91.885417
1.500000	10100	1.561856	92.287129
1.500000	10600	1.583703	92.179245
1.500000	11100	1.638243	91.909910
1.500000	11600	1.496056	92.612069
1.500000	12100	1.564773	92.272727
1.500000	12600	1.578214	92.206349
1.500000	13100	1.624637	91.977099
1.500000	13600	1.651268	91.845588
1.500000	14100	1.607074	92.063830
1.500000	14600	1.568682	92.253425
1.500000	15100	1.615977	92.019868
1.500000	15600	1.566779	92.262821
1.500000	16100	1.690435	91.652174
1.500000	16600	1.569985	92.246988
1.500000	17100	1.623553	91.982456
1.500000	17600	1.616548	92.017045
1.500000	18100	1.633425	91.933702
1.500000	18600	1.628710	91.956989
1.500000	19100	1.512919	92.528796
1.500000	19600	1.641696	91.892857
1.500000	20100	1.623022	91.985075
1.500000	20600	1.545291	92.368932
1.500000	21100	1.557618	92.308057
1.500000	21600	1.596562	92.115741
1.500000	22100	1.632828	91.936652
1.500000	22600	1.574303	92.225664
1.500000	23100	1.577922	92.207792
1.500000	23600	1.641451	91.894068
1.500000	24100	1.598154	92.107884
1.500000	24600	1.560732	92.292683
1.500000	25100	1.550618	92.342629
1.500000	25600	1.608926	92.054688
1.500000	26100	1.612241	92.038314
1.500000	26600	1.602491	92.086466
1.500000	27100	1.646153	91.870849
1.500000	27600	1.597989	92.108696
1.500000	28100	1.627927	91.960854
1.500000	28600	1.600175	92.097902
1.500000	29100	1.575464	92.219931
1.500000	29600	1.602213	92.087838
1.500000	30100	1.589053	92.152824
1.500000	30600	1.655735	91.823529
1.500000	31100	1.651254	91.845659
1.500000	31600	1.599494	92.101266
1.500000	32100	1.662897	91.788162
1.500000	32600	1.556641	92.312883
1.500000	33100	1.610823	92.045317
1.500000	33600	1.623013	91.985119
1.500000	34100	1.573680	92.228739
1.500000	34600	1.530455	92.442197
1.500000	35100	1.598654	92.105413
1.500000	35600	1.585871	92.168539
1.500000	36100	1.600367	92.096953
1.500000	36600	1.609488	92.051913
1.500000	37100	1.599259	92.102426
1.500000	37600	1.589302	92.151596
1.500000	38100	1.571634	92.238845
1.500000	38600	1.590097	92.147668
1.500000	39100	1.577532	92.209719
1.500000	39600	1.555057	92.320707
1.500000	40100	1.618990	92.004988
1.500000	40600	1.563639	92.278325
1.500000	41100	1.590438	92.145985
1.500000	41600	1.570349	92.245192
1.500000	42100	1.609899	92.049881
1.500000	42600	1.537764	92.406103
1.500000	43100	1.573016	92.232019
1.500000	43600	1.622787	91.986239
1.500000	44100	1.644337	91.879819
1.500000	44600	1.591850	92.139013
1.500000	45100	1.599795	92.099778
1.500000	45600	1.552500	92.333333
1.500000	46100	1.593205	92.132321
1.500000	46600	1.598273	92.107296
1.500000	47100	1.562389	92.284501
1.500000	47600	1.629359	91.953782
1.500000	48100	1.542957	92.380457
1.500000	48600	1.600833	92.094650
1.500000	49100	1.634435	91.928717
1.500000	49600	1.620000	92.000000
1.500000	50100	1.603024	92.083832
1.500000	50600	1.577179	92.211462
1.500000	51100	1.607319	92.062622
1.500000	51600	1.586642	92.164729
1.500000	52100	1.620777	91.996161
1.500000	52600	1.588047	92.157795
1.500000	53100	1.611992	92.039548
1.500000	53600	1.612444	92.037313
1.500000	54100	1.672777	91.739372
1.500000	54600	1.577349	92.210623
1.500000	55100	1.614487	92.027223
1.500000	55600	1.624735	91.976619
1.500000	56100	1.602674	92.085561
1.500000	56600	1.598534	92.106007
1.500000	57100	1.591983	92.138354
1.500000	57600	1.635820	91.921875
1.500000	58100	1.626971	91.965577
1.500000	58600	1.577841	92.208191
1.500000	59100	1.579569	92.199662
1.500000	59600	1.588062	92.157718
1.500000	60100	1.576872	92.212978
1.500000	60600	1.645396	91.874587
1.500000	61100	1.565646	92.268412
1.500000	61600	1.578251	92.206169
1.500000	62100	1.612174	92.038647
1.500000	62600	1.608355	92.057508
1.500000	63100	1.578281	92.206022
1.500000	63600	1.623502	91.982704
1.500000	64100	1.586829	92.163807
1.500000	64600	1.542260	92.383901
1.500000	65100	1.596048	92.118280
1.500000	65600	1.581105	92.192073
1.500000	66100	1.612035	92.039334
1.500000	66600	1.593851	92.129129
1.500000	67100	1.590123	92.147541
1.500000	67600	1.604723	92.075444
1.500000	68100	1.601564	92.091043
1.500000	68600	1.595499	92.120991
1.500000	69100	1.583075	92.182344
1.500000	69600	1.599343	92.102011
1.500000	70100	1.623755	91.981455
1.500000	70600	1.560627	92.293201
1.500000	71100	1.571582	92.239100
1.500000	71600	1.562870	92.282123
1.500000	72100	1.567479	92.259362
1.500000	72600	1.594060	92.128099
1.500000	73100	1.584819	92.173735
1.500000	73600	1.589460	92.150815
1.500000	74100	1.645688	91.873144
1.500000	74600	1.587969	92.158177
1.500000	75100	1.597081	92.113182
1.500000	75600	1.598036	92.108466
1.500000	76100	1.579819	92.198423
1.500000	76600	1.596208	92.117493
1.500000	77100	1.611333	92.042802
1.500000	77600	1.597297	92.112113
1.500000	78100	1.623630	91.982074
1.500000	78600	1.584447	92.175573
1.500000	79100	1.629984	91.950695
1.500000	79600	1.612877	92.035176
1.500000	80100	1.590421	92.146067
1.500000	80600	1.598645	92.105459
1.500000	81100	1.586042	92.167694
1.500000	81600	1.601388	92.091912
1.500000	82100	1.608654	92.056029
1.500000	82600	1.611419	92.042373
1.500000	83100	1.607572	92.061372
1.500000	83600	1.595535	92.120813
1.500000	84100	1.582197	92.186683
1.500000	84600	1.600133	92.098109
1.500000	85100	1.627377	91.963572
1.500000	85600	1.593032	92.133178
1.500000	86100	1.578841	92.203252
1.500000	86600	1.566452	92.264434
1.500000	87100	1.582801	92.183697
1.500000	87600	1.608442	92.057078
1.500000	88100	1.593797	92.129398
1.500000	88600	1.591888	92.138826
1.500000	89100	1.601591	92.090909
1.500000	89600	1.612316	92.037946
1.500000	90100	1.627417	91.963374
1.500000	90600	1.576192	92.216336
1.500000	91100	1.633782	91.931943
1.500000	91600	1.585734	92.169214
1.500000	92100	1.593396	92.131379
1.500000	92600	1.616501	92.017279
1.500000	93100	1.615650	92.021482
1.500000	93600	1.613293	92.033120
1.500000	94100	1.621076	91.994687
1.500000	94600	1.587035	92.162791
1.500000	95100	1.606585	92.066246
1.500000	95600	1.627202	91.964435
1.500000	96100	1.578699	92.203954
1.500000	96600	1.618113	92.009317
1.500000	97100	1.589343	92.151390
1.500000	97600	1.595310	92.121926
1.500000	98100	1.618968	92.005097
1.500000	98600	1.607883	92.059838
1.500000	99100	1.622452	91.987891
1.500000	99600	1.586250	92.166667
2.000000	100	1.800000	95.000000
2.000000	600	2.940000	91.833333
2.000000	1100	2.945455	91.818182
2.000000	1600	2.722500	92.437500
2.000000	2100	3.102857	91.380952
2.000000	2600	3.143077	91.269231
2.000000	3100	2.705806	92.483871
2.000000	3600	2.810000	92.194444
2.000000	4100	3.055610	91.512195
2.000000	4600	2.731304	92.413043
2.000000	5100	2.894118	91.960784
2.000000	5600	2.937857	91.839286
2.000000	6100	2.856393	92.065574
2.000000	6600	3.049091	91.530303
2.000000	7100	2.814085	92.183099
2.000000	7600	2.846842	92.092105
2.000000	8100	2.951111	91.802469
2.000000	8600	2.838140	92.116279
2.000000	9100	2.915604	91.901099
2.000000	9600	2.883750	91.989583
2.000000	10100	2.694653	92.514851
2.000000	10600	2.917358	91.896226
2.000000	11100	2.880000	92.000000
2.000000	11600	2.932759	91.853448
2.000000	12100	2.936529	91.842975
2.000000	12600	2.854286	92.071429
2.000000	13100	2.847023	92.091603
2.000000	13600	2.707941	92.477941
2.000000	14100	2.841702	92.106383
2.000000	14600	2.835616	92.123288
2.000000	15100	2.796556	92.231788
2.000000	15600	2.942308	91.826923
2.000000	16100	2.891180	91.968944
2.000000	16600	2.880000	92.000000
2.000000	17100	2.764211	92.321637
2.000000	17600	2.663182	92.602273
2.000000	18100	2.824309	92.154696
2.000000	18600	2.874194	92.016129
2.000000	19100	2.821571	92.162304
2.000000	19600	2.791837	92.244898
2.000000	20100	2.675821	92.567164
2.000000	20600	2.853786	92.072816
2.000000	21100	2.774218	92.293839
2.000000	21600	2.886667	91.981481
2.000000	22100	2.844163	92.099548
2.000000	22600	2.916637	91.898230
2.000000	23100	2.880000	92.000000
2.000000	23600	2.864746	92.042373
2.000000	24100	2.797842	92.228216
2.000000	24600	2.934146	91.849593
2.000000	25100	2.811155	92.191235
2.000000	25600	2.856094	92.066406
2.000000	26100	2.780690	92.275862
2.000000	26600	2.862406	92.048872
2.000000	27100	2.830849	92.136531
2.000000	27600	2.831739	92.134058
2.000000	28100	2.896655	91.953737
2.000000	28600	2.806993	92.202797
2.000000	29100	2.830515	92.137457
2.000000	29600	2.961486	91.773649
2.000000	30100	2.853688	92.073090
2.000000	30600	2.848235	92.088235
2.000000	31100	2.867267	92.035370
2.000000	31600	2.818481	92.170886
2.000000	32100	2.982056	91.716511
2.000000	32600	2.833620	92.128834
2.000000	33100	2.831057	92.135952
2.000000	33600	2.799643	92.223214
2.000000	34100	2.867331	92.035191
2.000000	34600	2.816532	92.176301
2.000000	35100	2.795897	92.233618
2.000000	35600	2.860787	92.053371
2.000000	36100	2.837119	92.119114
2.000000	36600	2.824918	92.153005
2.000000	37100	2.833423	92.129380
2.000000	37600	2.800532	92.220745
2.000000	38100	2.862992	92.047244
2.000000	38600	2.877202	92.007772
2.000000	39100	2.776880	92.286445
2.000000	39600	2.860909	92.053030
2.000000	40100	2.862045	92.049875
2.000000	40600	2.881773	91.995074
2.000000	41100	2.847591	92.090024
2.000000	41600	2.860096	92.055288
2.000000	42100	2.915914	91.900238
2.000000	42600	2.829296	92.140845
2.000000	43100	2.847425	92.090487
2.000000	43600	2.906422	91.926606
2.000000	44100	2.817143	92.174603
2.000000	44600	2.857399	92.062780
2.000000	45100	2.880798	91.997783
2.000000	45600	2.782895	92.269737
2.000000	46100	2.748026	92.366594
2.000000	46600	2.852961	92.075107
2.000000	47100	2.797452	92.229299
2.000000	47600	2.900420	91.943277
2.000000	48100	2.891975	91.966736
2.000000	48600	2.907407	91.923868
2.000000	49100	2.906395	91.926680
2.000000	49600	2.823387	92.157258
2.000000	50100	2.823952	92.155689
2.000000	50600	2.758340	92.337945
2.000000	51100	2.820117	92.166341
2.000000	51600	2.888372	91.976744
2.000000	52100	2.845451	92.095969
2.000000	52600	2.839620	92.112167
2.000000	53100	2.818305	92.171375
2.000000	53600	2.822239	92.160448
2.000000	54100	2.792163	92.243993
2.000000	54600	2.856923	92.064103
2.000000	55100	2.900254	91.943739
2.000000	55600	2.832734	92.131295
2.000000	56100	2.806203	92.204991
2.000000	56600	2.802403	92.215548
2.000000	57100	2.806865	92.203152
2.000000	57600	2.790000	92.250000
2.000000	58100	2.846540	92.092943
2.000000	58600	2.784778	92.264505
2.000000	59100	2.784365	92.265651
2.000000	59600	2.813557	92.184564
2.000000	60100	2.826090	92.149750
2.000000	60600	2.832475	92.132013
2.000000	61100	2.830507	92.137480
2.000000	61600	2.861299	92.051948
2.000000	62100	2.880000	92.000000
2.000000	62600	2.800064	92.222045
2.000000	63100	2.907956	91.922345
2.000000	63600	2.838679	92.114780
2.000000	64100	2.805866	92.205928
2.000000	64600	2.902291	91.938080
2.000000	65100	2.828571	92.142857
2.000000	65600	2.774085	92.294207
2.000000	66100	2.865295	92.040847
2.000000	66600	2.878378	92.004505
2.000000	67100	2.832250	92.132638
2.000000	67600	2.795858	92.233728
2.000000	68100	2.816035	92.177680
2.000000	68600	2.871603	92.023324
2.000000	69100	2.889899	91.972504
2.000000	69600	2.869655	92.028736
2.000000	70100	2.850214	92.082739
2.000000	70600	2.786176	92.260623
2.000000	71100	2.738734	92.392405
2.000000	71600	2.848827	92.086592
2.000000	72100	2.872510	92.020804
2.000000	72600	2.911240	91.913223
2.000000	73100	2.824843	92.153215
2.000000	73600	2.855054	92.069293
2.000000	74100	2.851336	92.079622
2.000000	74600	2.848633	92.087131
2.000000	75100	2.760160	92.332889
2.000000	75600	2.844286	92.099206
2.000000	76100	2.862970	92.047306
2.000000	76600	2.851802	92.078329
2.000000	77100	2.831907	92.133593
2.000000	77600	2.816907	92.175258
2.000000	78100	2.803944	92.211268
2.000000	78600	2.837405	92.118321
2.000000	79100	2.809001	92.197219
2.000000	79600	2.793166	92.241206
2.000000	80100	2.862472	92.048689
2.000000	80600	2.811663	92.189826
2.000000	81100	2.905746	91.928483
2.000000	81600	2.832794	92.131127
2.000000	82100	2.864653	92.042631
2.000000	82600	2.812881	92.186441
2.000000	83100	2.831480	92.134777
2.000000	83600	2.868804	92.031100
2.000000	84100	2.841046	92.108205
2.000000	84600	2.821702	92.161939
2.000000	85100	2.811469	92.190364
2.000000	85600	2.900607	91.942757
2.000000	86100	2.854495	92.070848
2.000000	86600	2.867113	92.035797
2.000000	87100	2.811803	92.189437
2.000000	87600	2.837260	92.118721
2.000000	88100	2.866107	92.038593
2.000000	88600	2.861716	92.050790
2.000000	89100	2.873939	92.016835
2.000000	89600	2.814107	92.183036
2.000000	90100	2.875605	92.012209
2.000000	90600	2.858940	92.058499
2.000000	91100	2.829418	92.140505
2.000000	91600	2.903581	91.934498
2.000000	92100	2.824104	92.155266
2.000000	92600	2.849287	92.085313
2.000000	93100	2.886574	91.981740
2.000000	93600	2.843077	92.102564
2.000000	94100	2.851690	92.078640
2.000000	94600	2.763932	92.322410
2.000000	95100	2.842145	92.105152
2.000000	95600	2.827280	92.146444
2.000000	96100	2.849282	92.085328
2.000000	96600	2.863230	92.046584
2.000000	97100	2.861092	92.052523
2.000000	97600	2.834631	92.126025
2.000000	98100	2.804404	92.209990
2.000000	98600	2.854807	92.069980
2.000000	99100	2.830232	92.138244
2.000000	99600	2.848193	92.088353
